[gd_scene load_steps=20 format=3 uid="uid://dsel3nr20bs1x"]

[ext_resource type="Script" path="res://states/Level.gd" id="1_1oxwb"]
[ext_resource type="PackedScene" uid="uid://dvfjmy3qnb0v3" path="res://player/player.tscn" id="1_4gusc"]
[ext_resource type="PackedScene" uid="uid://cfle2ry1piatw" path="res://ui/HUD.tscn" id="1_besux"]
[ext_resource type="PackedScene" uid="uid://dtmyvxywewlom" path="res://objects/planets/earth_like_0.tscn" id="3_1a47j"]
[ext_resource type="Shader" path="res://states/Black.gdshader" id="4_8o615"]
[ext_resource type="PackedScene" uid="uid://d0iw7xwkgg07l" path="res://objects/planets/lunar_0.tscn" id="4_ftxkr"]
[ext_resource type="PackedScene" uid="uid://cttk3iygibdo0" path="res://objects/planets/martian_0.tscn" id="5_fcvk6"]
[ext_resource type="PackedScene" uid="uid://burcihbh3hjav" path="res://monster/Monster.tscn" id="7_i10my"]
[ext_resource type="PackedScene" uid="uid://o0j21uuq1yvl" path="res://objects/black_hole.tscn" id="9_d4ojl"]
[ext_resource type="PackedScene" uid="uid://cpub7e5w82l3u" path="res://objects/white_hole.tscn" id="10_vlljl"]
[ext_resource type="PackedScene" uid="uid://tcwodmcrrjj1" path="res://models/asteroid 1.blend" id="11_oeq7b"]
[ext_resource type="PackedScene" uid="uid://vf0r7480lupm" path="res://models/asteroid 2.blend" id="12_fbpas"]
[ext_resource type="PackedScene" uid="uid://c48ikkrw4ffob" path="res://models/asteroid 3.blend" id="13_vdwr4"]
[ext_resource type="PackedScene" uid="uid://dxqs01qa0tf07" path="res://models/ufo.blend" id="14_f6aje"]
[ext_resource type="PackedScene" uid="uid://fcbtd2453ybh" path="res://models/comet.blend" id="15_8mk1q"]
[ext_resource type="PackedScene" uid="uid://bcdqmfhgrdemm" path="res://models/satellite.blend" id="16_wv6rd"]

[sub_resource type="ShaderMaterial" id="ShaderMaterial_hlxm4"]
shader = ExtResource("4_8o615")

[sub_resource type="Sky" id="Sky_en2hj"]
sky_material = SubResource("ShaderMaterial_hlxm4")

[sub_resource type="Environment" id="Environment_8lbag"]
background_mode = 2
sky = SubResource("Sky_en2hj")
volumetric_fog_density = 0.0099
adjustment_brightness = 1.48
adjustment_contrast = 1.96

[node name="Level" type="Node3D"]
transform = Transform3D(1, 0, 0, 0, 1, 0, 0, 0, 1, -0.1, 0, -1.5)
script = ExtResource("1_1oxwb")

[node name="HUD" parent="." node_paths=PackedStringArray("player", "enemy") instance=ExtResource("1_besux")]
player = NodePath("../Player")
enemy = NodePath("../Monster_0")

[node name="Player" parent="." instance=ExtResource("1_4gusc")]
transform = Transform3D(-1, 0, 8.74228e-08, 0, 1, 0, -8.74228e-08, 0, -1, 0, 0, -407.5)

[node name="StarA" type="DirectionalLight3D" parent="."]
transform = Transform3D(0.96803, 0.0882834, -0.234786, 0.161234, 0.49803, 0.852039, 0.192152, -0.862654, 0.467874, 0, 0, 0)

[node name="WorldEnvironment" type="WorldEnvironment" parent="."]
environment = SubResource("Environment_8lbag")

[node name="Node3D" type="Node3D" parent="."]

[node name="MeshInstance3D" type="MeshInstance3D" parent="Node3D"]

[node name="Planet" parent="." instance=ExtResource("4_ftxkr")]
transform = Transform3D(0.3, 0, 0, 0, 0.3, 0, 0, 0, 0.3, -1021, 484.903, -31.9)
script = null

[node name="Planet2" parent="." instance=ExtResource("3_1a47j")]
transform = Transform3D(1, 0, 0, 0, 1, 0, 0, 0, 1, 1612.24, -198.561, 62.8)
script = null

[node name="Planet3" parent="." instance=ExtResource("5_fcvk6")]
transform = Transform3D(1, 0, 0, 0, 1, 0, 0, 0, 1, -637.494, 1731, -1550.07)
script = null

[node name="Monster_0" parent="." instance=ExtResource("7_i10my")]
transform = Transform3D(23.1312, 0, 0, 0, 23.1312, 0, 0, 0, 23.1312, 0, 0, 0)

[node name="BlackHole" parent="." node_paths=PackedStringArray("teleports_to") instance=ExtResource("9_d4ojl")]
transform = Transform3D(48.2963, -12.941, 0, 11.2072, 41.8258, 25, -6.47048, -24.1481, 43.3013, 289.814, 80.3795, 245.98)
teleports_to = NodePath("../WhiteHole")

[node name="WhiteHole" parent="." instance=ExtResource("10_vlljl")]
transform = Transform3D(50, 0, 0, 0, 48.2963, -12.941, 0, 12.941, 48.2963, -269.385, 0, -130.741)

[node name="asteroid_swarm" type="Node3D" parent="."]
transform = Transform3D(1, 0, 0, 0, 0.738832, 0.67389, 0, -0.67389, 0.738832, -5.2129, 140, 809)

[node name="asteroid 3" parent="asteroid_swarm" instance=ExtResource("13_vdwr4")]
transform = Transform3D(1, 0, 0, 0, 1, 0, 0, 0, 1, 16.8369, 0, 0)

[node name="asteroid 5" parent="asteroid_swarm" instance=ExtResource("13_vdwr4")]
transform = Transform3D(1, 0, 0, 0, 1, 0, 0, 0, 1, 16.8369, 36.3011, 0)

[node name="asteroid 4" parent="asteroid_swarm" instance=ExtResource("13_vdwr4")]
transform = Transform3D(1, 0, 0, 0, 0.885426, -0.46478, 0, 0.46478, 0.885426, 49.5185, -9.15527e-05, 15.2332)

[node name="asteroid 2" parent="asteroid_swarm" instance=ExtResource("12_fbpas")]
transform = Transform3D(1, 0, 0, 0, 1, 0, 0, 0, 1, 0, -12.0052, -7.6373)

[node name="asteroid 8" parent="asteroid_swarm" instance=ExtResource("12_fbpas")]
transform = Transform3D(1, 0, 0, 0, 1, 0, 0, 0, 1, 0, 5.11096, -54.5959)

[node name="asteroid 6" parent="asteroid_swarm" instance=ExtResource("12_fbpas")]
transform = Transform3D(1, 0, 0, 0, 1, 0, 0, 0, 1, 0, -33.435, 13.4345)

[node name="asteroid 1" parent="asteroid_swarm" instance=ExtResource("11_oeq7b")]
transform = Transform3D(0.697517, 0.0218689, 0.716234, -0.588006, 0.588725, 0.554665, -0.409535, -0.808038, 0.423505, 0, 18.9561, 10)

[node name="asteroid 7" parent="asteroid_swarm" instance=ExtResource("11_oeq7b")]
transform = Transform3D(1, 0, 0, 0, 1, 0, 0, 0, 1, 0, 7.82907, 33.0972)

[node name="asteroid 17" parent="asteroid_swarm" instance=ExtResource("13_vdwr4")]
transform = Transform3D(0.595117, -0.789175, 0.151785, -0.593754, -0.304499, 0.744807, -0.541564, -0.53337, -0.649788, -65.8398, -0.999237, -0.00366211)

[node name="asteroid 18" parent="asteroid_swarm" instance=ExtResource("13_vdwr4")]
transform = Transform3D(0.595117, -0.789175, 0.151785, -0.593754, -0.304499, 0.744807, -0.541564, -0.53337, -0.649788, -94.4876, -12.0527, -19.3656)

[node name="asteroid 19" parent="asteroid_swarm" instance=ExtResource("13_vdwr4")]
transform = Transform3D(0.595117, -0.628209, 0.501187, -0.593754, 0.0765604, 0.800996, -0.541564, -0.774269, -0.327439, -44.078, -9.05811, -27.601)

[node name="asteroid 20" parent="asteroid_swarm" instance=ExtResource("12_fbpas")]
transform = Transform3D(0.595117, -0.789175, 0.151785, -0.593754, -0.304499, 0.744807, -0.541564, -0.53337, -0.649788, -67.5447, 6.96497, 20.4805)

[node name="asteroid 21" parent="asteroid_swarm" instance=ExtResource("12_fbpas")]
transform = Transform3D(0.595117, -0.789175, 0.151785, -0.593754, -0.304499, 0.744807, -0.541564, -0.53337, -0.649788, -88.18, -33.2217, 41.8643)

[node name="asteroid 22" parent="asteroid_swarm" instance=ExtResource("12_fbpas")]
transform = Transform3D(0.595117, -0.789175, 0.151785, -0.593754, -0.304499, 0.744807, -0.541564, -0.53337, -0.649788, -47.4346, 29.1848, 18.2181)

[node name="asteroid 23" parent="asteroid_swarm" instance=ExtResource("11_oeq7b")]
transform = Transform3D(0.816983, -0.57424, 0.052798, -0.540131, -0.794083, -0.278732, 0.201985, 0.199202, -0.958916, -89.3015, 10.6738, -7.49402)

[node name="asteroid 24" parent="asteroid_swarm" instance=ExtResource("11_oeq7b")]
transform = Transform3D(0.595117, -0.789175, 0.151785, -0.593754, -0.304499, 0.744807, -0.541564, -0.53337, -0.649788, -77.0146, 31.2648, -16.5674)

[node name="asteroid 9" parent="asteroid_swarm" instance=ExtResource("13_vdwr4")]
transform = Transform3D(0.919177, 0.393183, -0.022836, -0.265409, 0.661221, 0.701673, 0.290986, -0.638901, 0.712133, -121.414, -1.58102, 4.03369)

[node name="asteroid 10" parent="asteroid_swarm" instance=ExtResource("13_vdwr4")]
transform = Transform3D(0.919177, 0.393183, -0.022836, -0.265409, 0.661221, 0.701673, 0.290986, -0.638901, 0.712133, -107.141, 22.422, -19.1592)

[node name="asteroid 11" parent="asteroid_swarm" instance=ExtResource("13_vdwr4")]
transform = Transform3D(0.919177, 0.337521, -0.202963, -0.265409, 0.911586, 0.313958, 0.290986, -0.234714, 0.927489, -91.7219, 0.433685, 24.3917)

[node name="asteroid 12" parent="asteroid_swarm" instance=ExtResource("12_fbpas")]
transform = Transform3D(0.919177, 0.393183, -0.022836, -0.265409, 0.661221, 0.701673, 0.290986, -0.638901, 0.712133, -141.436, -10.4093, 1.36566)

[node name="asteroid 13" parent="asteroid_swarm" instance=ExtResource("12_fbpas")]
transform = Transform3D(0.919177, 0.393183, -0.022836, -0.265409, 0.661221, 0.701673, 0.290986, -0.638901, 0.712133, -133.634, -32.0413, -43.0105)

[node name="asteroid 14" parent="asteroid_swarm" instance=ExtResource("12_fbpas")]
transform = Transform3D(0.919177, 0.393183, -0.022836, -0.265409, 0.661221, 0.701673, 0.290986, -0.638901, 0.712133, -150.343, -9.79358, 30.0632)

[node name="asteroid 15" parent="asteroid_swarm" instance=ExtResource("11_oeq7b")]
transform = Transform3D(0.4193, 0.27003, 0.866759, -0.861288, -0.183506, 0.473823, 0.287002, -0.945204, 0.15563, -129.665, 22.4385, -5.85535)

[node name="asteroid 16" parent="asteroid_swarm" instance=ExtResource("11_oeq7b")]
transform = Transform3D(0.919177, 0.393183, -0.022836, -0.265409, 0.661221, 0.701673, 0.290986, -0.638901, 0.712133, -134.568, 31.2878, 17.702)

[node name="asteroid_swarm2" type="Node3D" parent="."]
transform = Transform3D(0.546891, -0.564183, 0.618553, 0, 0.738832, 0.67389, -0.837204, -0.368544, 0.404061, -595.539, 177.236, 809)

[node name="asteroid 3" parent="asteroid_swarm2" instance=ExtResource("13_vdwr4")]
transform = Transform3D(1, 0, 0, 0, 1, 0, 0, 0, 1, 16.8369, 0, 0)

[node name="asteroid 5" parent="asteroid_swarm2" instance=ExtResource("13_vdwr4")]
transform = Transform3D(1, 0, 0, 0, 1, 0, 0, 0, 1, 16.8369, 36.3011, 0)

[node name="asteroid 4" parent="asteroid_swarm2" instance=ExtResource("13_vdwr4")]
transform = Transform3D(1, 0, 0, 0, 0.885426, -0.46478, 0, 0.46478, 0.885426, 49.5185, -9.15527e-05, 15.2332)

[node name="asteroid 2" parent="asteroid_swarm2" instance=ExtResource("12_fbpas")]
transform = Transform3D(1, 0, 0, 0, 1, 0, 0, 0, 1, 0, -12.0052, -7.6373)

[node name="asteroid 8" parent="asteroid_swarm2" instance=ExtResource("12_fbpas")]
transform = Transform3D(1, 0, 0, 0, 1, 0, 0, 0, 1, 0, 5.11096, -54.5959)

[node name="asteroid 6" parent="asteroid_swarm2" instance=ExtResource("12_fbpas")]
transform = Transform3D(1, 0, 0, 0, 1, 0, 0, 0, 1, 0, -33.435, 13.4345)

[node name="asteroid 1" parent="asteroid_swarm2" instance=ExtResource("11_oeq7b")]
transform = Transform3D(0.697517, 0.0218689, 0.716234, -0.588006, 0.588725, 0.554665, -0.409535, -0.808038, 0.423505, 0, 18.9561, 10)

[node name="asteroid 7" parent="asteroid_swarm2" instance=ExtResource("11_oeq7b")]
transform = Transform3D(1, 0, 0, 0, 1, 0, 0, 0, 1, 0, 7.82907, 33.0972)

[node name="asteroid_swarm3" type="Node3D" parent="."]
transform = Transform3D(0.622964, -0.653762, 0.893176, -0.0662112, 1.00108, 0.778919, -1.10489, -0.428597, 0.456917, -329.074, 300.893, 809)

[node name="asteroid 3" parent="asteroid_swarm3" instance=ExtResource("13_vdwr4")]
transform = Transform3D(1, 0, 0, 0, 1, 0, 0, 0, 1, 16.8369, 0, 0)

[node name="asteroid 5" parent="asteroid_swarm3" instance=ExtResource("13_vdwr4")]
transform = Transform3D(1, 0, 0, 0, 1, 0, 0, 0, 1, 16.8369, 36.3011, 0)

[node name="asteroid 4" parent="asteroid_swarm3" instance=ExtResource("13_vdwr4")]
transform = Transform3D(1, 0, 0, 0, 0.885426, -0.46478, 0, 0.46478, 0.885426, 49.5185, -9.15527e-05, 15.2332)

[node name="asteroid 2" parent="asteroid_swarm3" instance=ExtResource("12_fbpas")]
transform = Transform3D(1, 0, 0, 0, 1, 0, 0, 0, 1, 0, -12.0052, -7.6373)

[node name="asteroid 8" parent="asteroid_swarm3" instance=ExtResource("12_fbpas")]
transform = Transform3D(1, 0, 0, 0, 1, 0, 0, 0, 1, 0, 5.11096, -54.5959)

[node name="asteroid 6" parent="asteroid_swarm3" instance=ExtResource("12_fbpas")]
transform = Transform3D(1, 0, 0, 0, 1, 0, 0, 0, 1, 0, -33.435, 13.4345)

[node name="asteroid 1" parent="asteroid_swarm3" instance=ExtResource("11_oeq7b")]
transform = Transform3D(0.697517, 0.0218689, 0.716234, -0.588006, 0.588725, 0.554665, -0.409535, -0.808038, 0.423505, 0, 18.9561, 10)

[node name="asteroid 7" parent="asteroid_swarm3" instance=ExtResource("11_oeq7b")]
transform = Transform3D(1, 0, 0, 0, 1, 0, 0, 0, 1, 0, 7.82907, 33.0972)

[node name="asteroid_swarm4" type="Node3D" parent="."]
transform = Transform3D(0.897226, -0.941583, 1.2864, -0.0953609, 1.4418, 1.12184, -1.59132, -0.617288, 0.658076, -276.536, -10.3804, -1048.76)

[node name="asteroid 3" parent="asteroid_swarm4" instance=ExtResource("13_vdwr4")]
transform = Transform3D(1, 0, 0, 0, 1, 0, 0, 0, 1, 16.8369, 0, 0)

[node name="asteroid 9" parent="asteroid_swarm4" instance=ExtResource("13_vdwr4")]
transform = Transform3D(1, 2.98023e-08, -2.98023e-08, -2.98023e-08, 1, -2.98023e-08, 0, -9.68575e-08, 1, 96.3048, -83.3966, 113.937)

[node name="asteroid 12" parent="asteroid_swarm4" instance=ExtResource("13_vdwr4")]
transform = Transform3D(0.290442, 0.465821, 0.835854, -0.937564, 0.313213, 0.15123, -0.191355, -0.827591, 0.527707, 121.852, 16.0229, 116.602)

[node name="asteroid 5" parent="asteroid_swarm4" instance=ExtResource("13_vdwr4")]
transform = Transform3D(1, 0, 0, 0, 1, 0, 0, 0, 1, 16.8369, 36.3011, 0)

[node name="asteroid 4" parent="asteroid_swarm4" instance=ExtResource("13_vdwr4")]
transform = Transform3D(1, 0, 0, 0, 0.885426, -0.46478, 0, 0.46478, 0.885426, 49.5185, -9.15527e-05, 15.2332)

[node name="asteroid 11" parent="asteroid_swarm4" instance=ExtResource("13_vdwr4")]
transform = Transform3D(1, 4.47035e-08, -8.9407e-08, -2.98023e-08, 0.885426, -0.46478, 0, 0.46478, 0.885426, 109.897, -63.3631, 101.8)

[node name="asteroid 2" parent="asteroid_swarm4" instance=ExtResource("12_fbpas")]
transform = Transform3D(1, 0, 0, 0, 1, 0, 0, 0, 1, 0, -12.0052, -7.6373)

[node name="asteroid 13" parent="asteroid_swarm4" instance=ExtResource("12_fbpas")]
transform = Transform3D(1, 8.9407e-08, -1.19209e-07, -2.98023e-08, 0.999999, -5.96046e-08, 0, -1.86265e-07, 0.999999, -124.628, 93.9484, -71.9425)

[node name="asteroid 10" parent="asteroid_swarm4" instance=ExtResource("12_fbpas")]
transform = Transform3D(1, 2.98023e-08, -2.98023e-08, -2.98023e-08, 1, -2.98023e-08, 0, -9.68575e-08, 1, -7.88007, 107.137, 85.0653)

[node name="asteroid 8" parent="asteroid_swarm4" instance=ExtResource("12_fbpas")]
transform = Transform3D(1, 0, 0, 0, 1, 0, 0, 0, 1, 0, 5.11096, -54.5959)

[node name="asteroid 6" parent="asteroid_swarm4" instance=ExtResource("12_fbpas")]
transform = Transform3D(1, 0, 0, 0, 1, 0, 0, 0, 1, 0, -33.435, 13.4345)

[node name="asteroid 1" parent="asteroid_swarm4" instance=ExtResource("11_oeq7b")]
transform = Transform3D(0.697517, 0.0218689, 0.716234, -0.588006, 0.588725, 0.554665, -0.409535, -0.808038, 0.423505, 0, 18.9561, 10)

[node name="asteroid 7" parent="asteroid_swarm4" instance=ExtResource("11_oeq7b")]
transform = Transform3D(1, 0, 0, 0, 1, 0, 0, 0, 1, 0, 7.82907, 33.0972)

[node name="asteroid_swarm7" type="Node3D" parent="."]
transform = Transform3D(0.897226, -0.941583, 1.2864, -1.56178, -0.223088, 0.926007, -0.319753, -1.55244, -0.913293, -1783.54, -10.3804, 187.235)

[node name="asteroid 3" parent="asteroid_swarm7" instance=ExtResource("13_vdwr4")]
transform = Transform3D(1, 0, 0, 0, 1, 0, 0, 0, 1, 16.8369, 0, 0)

[node name="asteroid 9" parent="asteroid_swarm7" instance=ExtResource("13_vdwr4")]
transform = Transform3D(1, 2.98023e-08, -2.98023e-08, -2.98023e-08, 1, -2.98023e-08, 0, -9.68575e-08, 1, 96.3048, -83.3966, 113.937)

[node name="asteroid 12" parent="asteroid_swarm7" instance=ExtResource("13_vdwr4")]
transform = Transform3D(0.290442, 0.465821, 0.835854, -0.937564, 0.313213, 0.15123, -0.191355, -0.827591, 0.527707, 121.852, 16.0229, 116.602)

[node name="asteroid 5" parent="asteroid_swarm7" instance=ExtResource("13_vdwr4")]
transform = Transform3D(1, 0, 0, 0, 1, 0, 0, 0, 1, 16.8369, 36.3011, 0)

[node name="asteroid 4" parent="asteroid_swarm7" instance=ExtResource("13_vdwr4")]
transform = Transform3D(1, 0, 0, 0, 0.885426, -0.46478, 0, 0.46478, 0.885426, 49.5185, -9.15527e-05, 15.2332)

[node name="asteroid 11" parent="asteroid_swarm7" instance=ExtResource("13_vdwr4")]
transform = Transform3D(1, 4.47035e-08, -8.9407e-08, -2.98023e-08, 0.885426, -0.46478, 0, 0.46478, 0.885426, 109.897, -63.3631, 101.8)

[node name="asteroid 2" parent="asteroid_swarm7" instance=ExtResource("12_fbpas")]
transform = Transform3D(1, 0, 0, 0, 1, 0, 0, 0, 1, 0, -12.0052, -7.6373)

[node name="asteroid 13" parent="asteroid_swarm7" instance=ExtResource("12_fbpas")]
transform = Transform3D(1, 8.9407e-08, -1.19209e-07, -2.98023e-08, 0.999999, -5.96046e-08, 0, -1.86265e-07, 0.999999, -124.628, 93.9484, -71.9425)

[node name="asteroid 10" parent="asteroid_swarm7" instance=ExtResource("12_fbpas")]
transform = Transform3D(1, 2.98023e-08, -2.98023e-08, -2.98023e-08, 1, -2.98023e-08, 0, -9.68575e-08, 1, -7.88007, 107.137, 85.0653)

[node name="asteroid 8" parent="asteroid_swarm7" instance=ExtResource("12_fbpas")]
transform = Transform3D(1, 0, 0, 0, 1, 0, 0, 0, 1, 0, 5.11096, -54.5959)

[node name="asteroid 6" parent="asteroid_swarm7" instance=ExtResource("12_fbpas")]
transform = Transform3D(1, 0, 0, 0, 1, 0, 0, 0, 1, 0, -33.435, 13.4345)

[node name="asteroid 1" parent="asteroid_swarm7" instance=ExtResource("11_oeq7b")]
transform = Transform3D(0.697517, 0.0218689, 0.716234, -0.588006, 0.588725, 0.554665, -0.409535, -0.808038, 0.423505, 0, 18.9561, 10)

[node name="asteroid 7" parent="asteroid_swarm7" instance=ExtResource("11_oeq7b")]
transform = Transform3D(1, 0, 0, 0, 1, 0, 0, 0, 1, 0, 7.82907, 33.0972)

[node name="asteroid_swarm5" type="Node3D" parent="."]
transform = Transform3D(0.823944, -0.349473, -0.901241, 0.685468, 1.04621, 0.220992, 0.681542, -0.62974, 0.867282, 650.158, -10.3804, -1048.76)

[node name="asteroid 3" parent="asteroid_swarm5" instance=ExtResource("13_vdwr4")]
transform = Transform3D(1, 0, 0, 0, 1, 0, 0, 0, 1, 16.8369, 0, 0)

[node name="asteroid 9" parent="asteroid_swarm5" instance=ExtResource("13_vdwr4")]
transform = Transform3D(1, 2.98023e-08, -2.98023e-08, -2.98023e-08, 1, -2.98023e-08, 0, -9.68575e-08, 1, 96.3048, -83.3966, 113.937)

[node name="asteroid 12" parent="asteroid_swarm5" instance=ExtResource("13_vdwr4")]
transform = Transform3D(0.290442, 0.465821, 0.835854, -0.937564, 0.313213, 0.151229, -0.191355, -0.827591, 0.527707, 73.4819, 177.565, 9.74011)

[node name="asteroid 5" parent="asteroid_swarm5" instance=ExtResource("13_vdwr4")]
transform = Transform3D(1, 0, 0, 0, 1, 0, 0, 0, 1, 16.8369, 36.3011, 0)

[node name="asteroid 4" parent="asteroid_swarm5" instance=ExtResource("13_vdwr4")]
transform = Transform3D(1, -2.23517e-07, 5.96046e-08, -2.08616e-07, 0.885426, -0.46478, 0, 0.46478, 0.885426, 174.866, 47.3328, 111.476)

[node name="asteroid 11" parent="asteroid_swarm5" instance=ExtResource("13_vdwr4")]
transform = Transform3D(1, -8.19564e-08, -1.19209e-07, -8.9407e-08, 0.885426, -0.46478, 5.96046e-08, 0.46478, 0.885426, -55.5898, 6.82739, 282.812)

[node name="asteroid 2" parent="asteroid_swarm5" instance=ExtResource("12_fbpas")]
transform = Transform3D(1, -5.96046e-08, -5.96046e-08, -8.9407e-08, 1, -2.98023e-08, 0, 8.9407e-08, 1, 56.6616, 74.4755, 10.6301)

[node name="asteroid 13" parent="asteroid_swarm5" instance=ExtResource("12_fbpas")]
transform = Transform3D(1, 8.9407e-08, -1.19209e-07, -2.98023e-08, 0.999999, -5.96046e-08, 0, -1.86265e-07, 0.999999, -124.628, 93.9484, -71.9425)

[node name="asteroid 10" parent="asteroid_swarm5" instance=ExtResource("12_fbpas")]
transform = Transform3D(1, 2.98023e-08, -2.98023e-08, -2.98023e-08, 1, -2.98023e-08, 0, -9.68575e-08, 1, -7.88007, 107.137, 85.0653)

[node name="asteroid 8" parent="asteroid_swarm5" instance=ExtResource("12_fbpas")]
transform = Transform3D(1, 0, 0, 0, 1, 0, 0, 0, 1, 0, 5.11096, -54.5959)

[node name="asteroid 6" parent="asteroid_swarm5" instance=ExtResource("12_fbpas")]
transform = Transform3D(1, 0, 0, 0, 1, 0, 0, 0, 1, 0, -33.435, 13.4345)

[node name="asteroid 1" parent="asteroid_swarm5" instance=ExtResource("11_oeq7b")]
transform = Transform3D(0.697517, 0.0218689, 0.716234, -0.588006, 0.588725, 0.554665, -0.409535, -0.808038, 0.423505, 0, 18.9561, 10)

[node name="asteroid 7" parent="asteroid_swarm5" instance=ExtResource("11_oeq7b")]
transform = Transform3D(1, 0, 0, 0, 1, 0, 0, 0, 1, 0, 7.82907, 33.0972)

[node name="asteroid_swarm6" type="Node3D" parent="."]
transform = Transform3D(0.823944, -0.349473, -0.901241, 0.685468, 1.04621, 0.220992, 0.681542, -0.62974, 0.867282, -1521.46, -10.3804, -350.73)

[node name="asteroid 3" parent="asteroid_swarm6" instance=ExtResource("13_vdwr4")]
transform = Transform3D(1, 0, 0, 0, 1, 0, 0, 0, 1, 16.8369, 0, 0)

[node name="asteroid 9" parent="asteroid_swarm6" instance=ExtResource("13_vdwr4")]
transform = Transform3D(1.98676, -5.96046e-07, -5.96046e-08, -5.96046e-07, 1.98676, -1.78814e-07, 2.38419e-07, 1.19209e-07, 1.98676, 96.3048, -83.3966, 113.937)

[node name="asteroid 12" parent="asteroid_swarm6" instance=ExtResource("13_vdwr4")]
transform = Transform3D(0.290442, 0.465821, 0.835854, -0.937564, 0.313213, 0.151229, -0.191355, -0.827591, 0.527707, 73.4819, 177.565, 9.74011)

[node name="asteroid 5" parent="asteroid_swarm6" instance=ExtResource("13_vdwr4")]
transform = Transform3D(1, 0, 0, 0, 1, 0, 0, 0, 1, 16.8369, 36.3011, 0)

[node name="asteroid 4" parent="asteroid_swarm6" instance=ExtResource("13_vdwr4")]
transform = Transform3D(1, -2.23517e-07, 5.96046e-08, -2.08616e-07, 0.885426, -0.46478, 0, 0.46478, 0.885426, 174.866, 47.3328, 111.476)

[node name="asteroid 11" parent="asteroid_swarm6" instance=ExtResource("13_vdwr4")]
transform = Transform3D(1, -8.19564e-08, -1.19209e-07, -8.9407e-08, 0.885426, -0.46478, 5.96046e-08, 0.46478, 0.885426, -55.5898, 6.82739, 282.812)

[node name="asteroid 2" parent="asteroid_swarm6" instance=ExtResource("12_fbpas")]
transform = Transform3D(1, -5.96046e-08, -5.96046e-08, -8.9407e-08, 1, -2.98023e-08, 0, 8.9407e-08, 1, 56.6616, 74.4755, 10.6301)

[node name="asteroid 13" parent="asteroid_swarm6" instance=ExtResource("12_fbpas")]
transform = Transform3D(1, 8.9407e-08, -1.19209e-07, -2.98023e-08, 0.999999, -5.96046e-08, 0, -1.86265e-07, 0.999999, -124.628, 93.9484, -71.9425)

[node name="asteroid 10" parent="asteroid_swarm6" instance=ExtResource("12_fbpas")]
transform = Transform3D(1, 2.98023e-08, -2.98023e-08, -2.98023e-08, 1, -2.98023e-08, 0, -9.68575e-08, 1, -7.88007, 107.137, 85.0653)

[node name="asteroid 8" parent="asteroid_swarm6" instance=ExtResource("12_fbpas")]
transform = Transform3D(1, 0, 0, 0, 1, 0, 0, 0, 1, 0, 5.11096, -54.5959)

[node name="asteroid 6" parent="asteroid_swarm6" instance=ExtResource("12_fbpas")]
transform = Transform3D(1, 0, 0, 0, 1, 0, 0, 0, 1, 0, -33.435, 13.4345)

[node name="asteroid 1" parent="asteroid_swarm6" instance=ExtResource("11_oeq7b")]
transform = Transform3D(0.697517, 0.0218689, 0.716234, -0.588006, 0.588725, 0.554665, -0.409535, -0.808038, 0.423505, 0, 18.9561, 10)

[node name="asteroid 7" parent="asteroid_swarm6" instance=ExtResource("11_oeq7b")]
transform = Transform3D(1, 0, 0, 0, 1, 0, 0, 0, 1, 0, 7.82907, 33.0972)

[node name="ufo" parent="." instance=ExtResource("14_f6aje")]
transform = Transform3D(23.6443, 1.9445, -26.6951, -22.1196, 21.4753, -18.0275, 15.0708, 28.4691, 15.4222, -533.944, 2023.13, -1044.02)

[node name="comet" parent="." instance=ExtResource("15_8mk1q")]
transform = Transform3D(10.1706, 0, 0, 0, 10.1706, 0, 0, 0, 10.1706, -1076.03, 774.964, 247.786)

[node name="satellite" parent="." instance=ExtResource("16_wv6rd")]
transform = Transform3D(2.45892, -2.75992, 0, 2.02592, 1.80497, 2.51022, -1.87425, -1.66984, 2.71335, -1037.77, 676.688, -82.8424)
